time =   0.0000000000000000e+00
dt =   0.0000000000000000e+00
initial_dt =   3.9718749999999997e-03
